00100100000000010000000000001010
00100100000000100000000000000010
00100100000000110000000000000001
00100100000001000000000000000001
00100100000001010000000000000001
00100100000001100000000000000001
00101000001010000000000000000011
00010101000000000000000000000110
00010000010000010000000000000101
00000000011001100010000000100000
00000000000001100001100000100000
00000000000001000011000000100000
00000000010001010001000000100000
00001000000100000000000000001000
00100100000000100000000000000001
00000000000001000010000000100001
00000000000000000000000000001100
00100100000000100000000000001010
00000000000000000000000000001100
