00100100000010010000000000001011
00100100000010100000000000000000
00100100000010110000000000000001
00100100000011000000000000000000
00100100000011010000000000000010
00100100000011100000000000000001
00010001001000000000000000000111
00010001001011100000000000000110
00010001101010010000000000001000
00000001011010100110000000100000
00000001011000000101000000100000
00000001100000000101100000100000
00000001101011100110100000100000
00001000000100000000000000001000
00000001001000000110000000100000
00100100000000100000000000001010
00000000000000000000000000001100
00100100000000100000000000001010
00000000000000000000000000001100